Biomaterial ID	Customer Sample ID	CGF Sample ID	STR lab	STR date	Notes	AMEL_1	AMEL_2	CSF1PO_1	CSF1PO_2	D13S317_1	D13S317_2	D16S539_1	D16S539_2	D18S51_1	D18S51_2	D19S433_1	D19S433_2	D21S11_1	D21S11_2	D2S1338_1	D2S1338_2	D3S1358_1	D3S1358_2	D5S818_1	D5S818_2	D7S820_1	D7S820_2	D8S1179_1	D8S1179_2	FGA_1	FGA_2	TH01_1	TH01_2	TPOX_1	TPOX_2	vWA_1	vWA_2	
111267	NB1001_DNA	SB441240	DCEG	6/1/2010		X	X	10	11	11	13	9	13	14	19	14.2	14.2	31.2	32.2	19	22	16	16	13	13	8	10	13	16	22	24	7	7	9	11	16	17	
121798	NCI.MG.blood.DNA	SB867129	DCEG	10/31/2013		X	X	10	11	12	12	12	13	15	16	12	14.2	24.3	28	19	22	16	16	12	12	11	12	11	15	21	23	8	9.3	9	12	17	18	
134547	NCI.MG.tumor.DNA.3	SB867132	DCEG	10/31/2013		X	X	10	11	12	12	12	13	15	16	12	14.2	24.3	28	19	22	16	16	12	12	11	12	11	15	23	23	8	9.3	9	12	17	18	
134548	NCI.MG.tumor.DNA.4	SB867133	DCEG	10/31/2013		X	Y	10	11	12	12	12	13	15	16	12	14.2	0	0	19	22	16	18	12	12	11	12	11	15	21	23	8	9.3	9	12	17	18	
143640	EWS2001.blood.DNA	SB787974	DCEG	6/12/2012	Low	0	0	0	0	0	0	0	0	0	0	0	0	0	0	0	0	0	0	0	0	0	0	0	0	0	0	0	0	0	0	0	0	
143643	EWS2004.blood.DNA	SB787977	DCEG	6/12/2012	 	X	X	11	11	12	13	8	11	15	18	13.2	14	30	32.2	17	17	15	15	11	12	9	11	8	15	20	22	6	7	8	8	15	16	
143644	EWS2005.blood.DNA	SB787980	DCEG	6/12/2012	 	X	X	11	12	11	12	12	13	12	22	14	16.2	28	28	16	23	15	16	11	11	9	9	12	13	21	25	9	9	9	10	14	17	
143645	EWS2006.blood1.DNA	SB787983	DCEG	6/12/2012	 	X	Y	10	12	11	12	12	13	15	17	15	15	30	32	17	19	15	18	11	12	8	12	10	13	22	22	6	8	8	9	16	17	
143646	EWS2007.blood.DNA	SB787986	DCEG	6/12/2012	 	X	Y	11	12	11	12	13	13	14	15	14	15	27	31.2	17	17	16	16	11	13	9	10	13	15	20	22	9.3	9.3	9	11	16	17	
143647	EWS2008.blood1.DNA	SB787989	DCEG	6/12/2012	 	X	X	10	12	10	11	9	12	15	17	13	13	30	31	19	24	15	16	10	12	10	12	14	15	20	21	9.3	9.3	8	9	15	16	
143648	EWS2009.blood1.DNA	SB787992	DCEG	6/12/2012	 	X	Y	11	12	11	11	11	11	17	20	13	14	29	32.2	17	18	14	16	11	12	10	10	12	13	22	22	6	7	8	11	18	18	
145245	NB1003_DNA	SB441241	DCEG	6/1/2010		X	X	10	11	11	13	9	13	14	19	14.2	14.2	31.2	32.2	19	22	15	16	13	13	8	10	13	16	22	24	7	7	9	11	16	17	
145245	NB1003	SB489190	DCEG	6/5/2010		X	X	10	11	11	13	9	13	14	19	0	0	31.2	32.2	19	22	0	0	13	13	8	10	13	16	22	24	7	7	9	11	16	17	
145245	NB1003_DNA	SB441241	DCEG	6/5/2010		X	X	10	11	11	13	9	13	14	19	14.2	14.2	31.2	32.2	19	22	15	16	13	13	8	10	13	16	22	24	7	7	9	11	16	17	
145251	NB1005-skin_DNA	SB441243	DCEG	6/1/2010		X	X	10	11	11	13	9	13	14	19	13	14.2	31.2	32.2	19	22	15	16	13	13	8	10	13	16	22	24	7	7	9	11	16	17	
145251	NB1005-skin_DNA	SB441243	DCEG	6/5/2010		X	X	10	11	11	13	9	13	14	19	13	14.2	31.2	32.2	19	22	15	16	13	13	8	10	13	16	22	24	7	7	9	11	16	17	
145251	NB1005-Skin	SB489191	DCEG	6/5/2010	Low	0	0	0	0	0	0	0	0	0	0	0	0	0	0	0	0	0	0	0	0	0	0	0	0	0	0	0	0	0	0	0	0	
145301	NB1005-Liver	SB489189	DCEG	6/5/2010		X	X	10	11	11	13	9	13	14	19	13	14.2	31.2	32.2	19	22	15	16	13	13	8	10	13	16	22	24	7	7	9	11	16	17	
145307	NB1005-tumor_DNA	SB441242	DCEG	6/1/2010	"not tumor, but liver DNA"	X	X	10	11	11	13	9	13	14	19	13	14.2	31.2	32.2	19	22	15	16	13	13	8	10	13	16	22	24	7	7	9	11	16	17	
145418	EWS141	SB489186	DCEG	6/5/2010		X	X	10	12	12	12	10	10	13	19	13	15.2	29	32	19	23	13	18	11	14	9	13	10	14	21	21	9	9.3	8	12	16	17	
145419	EWS143	SB489187	DCEG	6/5/2010	Low	X	X	0	0	12	12	10	10	0	0	13	15.2	0	0	19	19	13	18	0	0	0	0	0	0	0	0	0	0	8	12	0	0	
145595	BPM-Tumor-1	SB489184	DCEG	6/5/2010		X	Y	10	13	11	11	11	11	12	12	14	15	29	29	20	23	15	16	11	13	10	11	13	13	23	25	6	8	11	12	16	17	
145597	BPM-Normal	SB489183	DCEG	6/5/2010		X	Y	10	13	11	11	11	11	12	12	14	15	29	29	20	23	15	16	11	13	10	11	13	13	23	25	6	8	11	12	16	17	
145598	BPM-Tumor-2	SB489185	DCEG	6/5/2010		X	Y	10	13	11	11	11	11	12	12	14	15	29	29	20	23	15	16	11	13	10	11	13	13	23	25	6	8	11	12	16	17	
145616	NCI.MG.tumor.DNA.1	SB867130	DCEG	10/31/2013		X	X	10	11	12	12	12	13	15	16	12	14.2	24.3	28	19	22	16	16	12	12	11	12	11	15	21	23	8	9.3	9	12	17	18	
145617	NCI.MG.tumor.DNA.2	SB867131	DCEG	10/31/2013		X	Y	11	12	8	11	11	12	14	16	15	15.2	31.2	32.2	20	24	16	16	10	12	8	10	8	13	19	23	7	9.3	11	11	15	17	
149156	NCI-0021.tumor.DNA	SB948305	DCEG	11/17/2014		X	Y	10	12	8	13	12	13	14	14	13	14	30	32.2	19	23	15	17	11	12	11	11	0	0	20.2	23	8	8	8	11	14	20	
150172	EWS2001.tumor.DNA	SB787976	DCEG	6/12/2012	 	X	Y	12	12	9	11	7	13	16	17	14	14	28	29	18	19	14	16	11	13	9	9	12	15	22.2	23	6	9	8	8	17	19	
150173	EWS2004.tumor.DNA	SB787979	DCEG	6/12/2012	 	X	X	11	11	12	13	8	11	15	18	13.2	14	30	32.2	17	17	15	15	11	12	9	11	8	15	20	22	6	7	8	8	15	16	
150174	EWS2005.tumor.DNA	SB787982	DCEG	6/12/2012	 	X	X	11	12	11	12	12	13	12	22	14	16.2	28	28	16	23	15	16	11	11	9	9	12	13	21	25	9	9	9	10	14	17	
150175	EWS2006.tumor.DNA	SB787985	DCEG	6/12/2012	 	X	Y	10	12	11	12	12	13	15	17	15	15	30	32	17	19	15	18	11	12	8	12	10	13	22	22	6	8	8	9	16	17	
150176	EWS2007.tumor.DNA	SB787988	DCEG	6/12/2012	 	X	Y	11	12	11	12	13	13	14	15	14	15	27	31.2	17	17	16	16	11	13	9	10	13	15	20	22	9.3	9.3	9	11	16	17	
150177	EWS2008.tumor.DNA	SB787991	DCEG	6/12/2012	 	X	X	10	12	10	11	9	12	15	17	13	13	30	31	19	24	15	16	10	12	10	12	14	15	20	21	9.3	9.3	8	9	15	16	
150178	EWS2009.tumor.DNA	SB787994	DCEG	6/12/2012	 	X	Y	11	12	11	11	11	11	17	20	13	14	29	32.2	17	18	14	16	11	12	10	10	12	13	22	22	6	7	8	11	18	18	
150179	EWS2012.tumor.DNA	SB787997	DCEG	6/12/2012	 	X	X	11	12	12	14	11	14	12	16	12	13	27	31.2	20	24	14	17	11	13	10	10	8	10	19	21	7	9.3	11	11	17	18	
150180	EWS2013.tumor.DNA	SB788000	DCEG	6/12/2012	 	X	X	11	11	13	14	9	12	12	16	13	15.2	31.2	32.2	19	23	16	16	11	13	7	9	10	15	23	23	6	8	8	9	15	17	
150181	EWS2014.tumor.DNA	SB788003	DCEG	6/12/2012	 	X	Y	11	12	12	12	8	11	14	14	13	13	30	30.2	17	19	14	17	11	11	10	10	11	14	22	24	6	7	8	10	15	19	
150181	EWS2014.tumor.DNA	SB948343	DCEG	11/17/2014		X	Y	11	12	12	12	8	11	14	14	13	13	30	30.2	17	19	14	17	11	11	10	10	11	14	22	24	6	7	8	10	15	19	
150182	EWS2013.blood.DNA	SB787998	DCEG	6/12/2012	 	X	X	11	11	13	14	9	12	12	16	13	15.2	31.2	32.2	19	23	16	16	11	13	7	9	10	15	23	23	6	8	8	9	15	17	
150183	EWS2014.blood.DNA	SB788001	DCEG	6/12/2012	 	X	Y	11	12	12	12	8	11	14	14	13	13	30	30.2	17	19	14	17	11	11	10	10	11	14	22	24	6	7	8	10	15	19	
150184	EWS2012.blood.DNA	SB787995	DCEG	6/12/2012	 	X	X	11	12	12	14	11	14	12	16	12	13	27	31.2	20	24	14	17	11	13	10	10	8	10	19	21	7	9.3	11	11	17	18	
162607	EWS2015.blood.DNA	SB763319	DCEG	3/19/2012		X	Y	7	12	11	12	9	12	14	21	14	16	31	31.2	17	25	16	18	12	12	9	10	10	13	20	21	6	9.3	8	10	16	18	
162608	EWS2016.blood.DNA	SB763321	DCEG	3/19/2012		X	Y	11	12	13	13	11	11	16	16	15	15.2	29	30	18	18	14	15	12	13	11	12	15	15	23	26	8	9	9	11	16	17	
162609	EWS2017.blood.DNA	SB763323	DCEG	3/19/2012		X	Y	11	12	11	12	11	13	12	13	14	14	29	30	21	24	17	17	11	13	10	11	11	13	21	24	6	6	8	11	15	18	
162610	EWS2018.blood.DNA	SB763325	DCEG	3/19/2012		X	Y	10	12	9	11	11	12	16	18	14	15	29	30	17	17	14	16	11	12	8	12	14	15	20	24	9.3	9.3	8	8	16	19	
162611	EWS2019.blood.DNA	SB763327	DCEG	3/19/2012		X	Y	10	12	9	11	11	12	16	18	14	15	29	30	17	17	14	16	11	12	8	12	14	15	20	24	9.3	9.3	8	8	16	19	
162612	EWS2020.blood.DNA	SB763329	DCEG	3/19/2012		X	Y	11	12	10	12	12	12	17	17	13	15	30	32.2	22	24	15	18	11	11	10	12	11	14	24	25	7	8	8	8	16	19	
162613	EWS2021.blood.DNA	SB763331	DCEG	3/19/2012		X	Y	10	11	11	13	11	12	15	17	13	15	29	30	17	24	15	16	10	11	10	12	11	13	23	24	7	9.3	8	8	17	18	
173486	NB1005-Tumor	SB489188	DCEG	6/5/2010		X	X	10	11	11	13	9	13	14	19	14.2	14.2	31.2	32.2	19	22	16	16	13	13	8	10	13	16	22	24	0	0	9	11	16	17	
173486	NB1005-tumor_DNA	SB441242	DCEG	6/5/2010		X	X	10	11	11	13	9	13	14	19	13	14.2	31.2	32.2	19	22	15	16	13	13	8	10	13	16	22	24	7	7	9	11	16	17	
173961	EWS2015.tumor.DNA	SB763320	DCEG	3/19/2012		X	Y	7	12	11	12	9	12	14	21	14	16	31	31.2	17	25	16	18	12	12	9	10	10	13	20	21	6	9.3	8	10	16	18	
173962	EWS2016.tumor.DNA	SB763322	DCEG	3/19/2012		X	Y	11	12	13	13	11	11	16	16	15	15.2	29	30	18	18	14	15	12	13	11	12	15	15	23	25	8	9	9	11	16	17	
173963	EWS2017.tumor.DNA	SB763324	DCEG	3/19/2012		X	Y	11	12	11	12	11	11	12	13	14	14	29	30	21	24	17	17	11	13	10	11	0	0	21	24	6	6	8	11	0	0	
173964	EWS2018.tumor.DNA	SB763326	DCEG	3/19/2012		X	X	11	11	13	14	9	12	17	17	13	14	29	30	17	22	17	18	10	10	8	11	13	14	21	24	7	9.3	8	8	18	18	
173965	EWS2019.tumor.DNA	SB763328	DCEG	3/19/2012		0	0	10	12	0	0	11	12	18	18	15	15	29	30	17	17	14	16	11	12	8	12	14	15	20	24	9.3	9.3	8	8	16	19	
173965	EWS2019.tumor.DNA	SB948344	DCEG	11/17/2014		0	0	10	12	9	9	11	12	18	18	0	0	29	30	17	17	14	16	11	12	8	12	14	15	20	24	9.3	9.3	8	8	16	19	
173966	EWS2020.tumor.DNA	SB763330	DCEG	3/19/2012		X	Y	11	12	10	12	12	12	17	17	13	15	30	32.2	22	24	15	18	11	11	10	12	11	14	24	25	7	8	8	8	19	19	
173967	EWS2021.tumor.DNA	SB763332	DCEG	3/19/2012		X	Y	10	11	11	13	11	12	15	17	13	15	29	30	17	24	15	16	10	11	10	12	11	13	23	24	7	9.3	8	8	17	18	
174910	NCI-0047.tumor.DNA	SB948308	DCEG	11/17/2014		X	Y	12	14	11	11	10	13	12	13	13	13	30	30	17	23	15	18	11	12	8	11	10	13	20	23	6	9	8	11	16	19	
174911	NCI-0071.tumor.DNA	SB948309	DCEG	11/17/2014		X	Y	11	12	12	12	9	12	0	0	12	14	27	28	24	24	14	17	12	13	11	12	11	13	0	0	6	9.3	8	8	14	17	
174912	NCI-0075.tumor.DNA	SB749856	DCEG	12/2/2011		X	Y	10	10	12	13	8	13	15	15	13	14	29	30	20	23	14	17	12	12	10	12	12	13	21	24	9.3	9.3	8	9	0	0	
177515	NCI-0078.blood.DNA	SB749851	DCEG	12/2/2011		X	Y	10	10	8	11	11	12	13	14	13	15.2	29	30	16	17	18	19	11	12	8	9	12	14	20	21	7	9.3	9	11	14	17	
180246	RD.seq.DNA	SB749834	DCEG	12/2/2011		X	X	10	11	13	13	10	11	13	18	11	14	28	29	0	0	15	17	11	11	8	12	11	15	20	21	9.3	9.3	9	9	18	18	
180251	BIRCH.seq.DNA	SB867134	DCEG	10/31/2013	same as Rh36.dtp and Rh36.uk	X	Y	11	12	12	13	11	13	16	16	14	15	31	32	18	18	14	16	13	13	10	11	13	13	25	25	9.3	9.3	8	8	14	18	
180258	CT-10.seq.DNA	SB749836	DCEG	12/2/2011		X	Y	12	12	11	11	0	0	13	13	14	14	29	31.2	24	24	17	17	12	12	8	11	10	12	21	22	6	6	0	0	18	19	
180259	RH18.seq.DNA	SB749831	DCEG	12/2/2011		X	X	10	10	12	12	9	12	0	0	12	14	32.2	33.2	19	24	16	16	12	12	8	10	13	15	23	23	7	7	8	8	15	17	
180260	RH4.seq.DNA	SB749837	DCEG	12/2/2011	"same cell lines: Rh4.seq, Rh41.seq, Rh41.dtp, and Rh4.UK"	X	X	11	11	8	9	12	13	15	16	13	15	29	31	17	21	17	17	13	13	10	11	10	13	20	22	7	9.3	8	11	16	18	
180261	RH5.seq.DNA	SB867135	DCEG	10/31/2013		X	Y	11	12	11	11	12	12	16	17	14	14.2	28	33.2	20	24	16	16	12	13	9	11	12	13	21	21	6	9.3	8	11	16	19	
180262	TTC-442.p25.seq.DNA	SB749839	DCEG	12/2/2011		X	Y	11	11	0	0	11	14	15	24	13	16.2	29	29	20	21	16	18	0	0	10	13	11	14	27	27	9	9	8	11	14	17	
180263	CTR.seq.DNA	SB749840	DCEG	12/2/2011	Match with CT-10.seq.DNA	X	Y	12	12	11	11	10	11	13	13	14	14	29	31.2	17	24	17	17	12	12	8	11	10	12	21	22	6	6	8	12	18	19	
180264	JR.seq.DNA	SB749841	DCEG	12/2/2011		X	X	10	12	9	11	10	12	14	14	14	14	27	30.2	0	0	16	16	11	13	11	12	12	15	19	21	7	9.3	8	9	17	17	
180265	RH1.seq.DNA	SB749842	DCEG	12/2/2011	RH1.seq and EW8.dtp are same	X	Y	11	11	10	10	13	13	15	15	13	15.2	29	30	16	19	11	18	11	11	8	12	16	16	22	23	9.3	9.3	8	8	17	17	
180266	RH30.seq.DNA	SB749843	DCEG	12/2/2011		X	Y	10	10	11	11	12	12	0	0	15.2	15.2	29	31.2	17	20	15	15	13	13	10	10	12	15	22	22	9	9.3	0	0	17	18	
180267	A673.seq.DNA	SB749844	DCEG	12/2/2011		X	X	11	12	8	13	11	11	13	16	13	14	29	30.2	16	21	14	14	11	12	10	12	11	13	19	20	9.3	9.3	8	8	15	18	
180268	RH28.seq.DNA	SB749845	DCEG	12/2/2011		X	Y	11	11	10	10	8	9	14	18	13.2	14	28	30	16	24	15	16	11	11	8	12	11	15	21	23	0	0	8	8	16	18	
180269	RH36.seq.DNA	SB749846	DCEG	12/2/2011	not match with Rh36.dtp or Rh36.UK	X	X	11	11	11	11	11	11	14	15	14	14	29	31.2	18	20	16	16	13	13	8	11	13	13	24	24	7	7	9	9	17	17	
180270	RH41.seq.DNA	SB749847	DCEG	12/2/2011	"same cell lines: Rh4.seq, Rh41.seq, Rh41.dtp, and Rh4.UK"	X	X	11	12	8	9	12	13	15	16	13	15	29	31	17	21	17	17	10	13	10	11	10	13	20	22	7	9.3	8	11	16	18	
180272	TTC-516.seq.DNA	SB749848	DCEG	12/2/2011		X	Y	10	11	11	12	9	11	15	16	14	14	27	31.2	19	19	14	15	10	13	10	11	0	0	22	24	9	9	9	9	17	19	
181157	NCI-0078.tumor.DNA	SB749852	DCEG	12/2/2011		X	Y	10	10	8	11	11	12	13	14	13	15.2	29	30	16	17	18	19	11	12	8	9	12	14	20	21	7	9.3	9	11	14	17	
183958	NCI-0098.tumor.DNA	SB749858	DCEG	12/2/2011		X	X	11	13	9	9	9	12	14	18	13	13.2	30	32.2	22	23	15	15	10	12	11	11	13	14	24	25	6	6	8	11	16	18	
187422	NCI-0098.blood.DNA	SB749857	DCEG	12/2/2011		X	X	11	13	9	9	9	12	14	18	13	13.2	30	32.2	22	23	15	15	10	12	11	11	13	14	24	25	6	6	8	11	16	18	
187424	NCI-0102.blood.DNA	SB749853	DCEG	12/2/2011		X	Y	12	12	9	12	11	13	15	17	13	14	30	30	17	24	16	18	11	14	10	12	13	14	22	23	6	9	8	8	16	17	
188178	NCI-0102.tumor.DNA.2	SB749854	DCEG	12/2/2011		0	0	12	12	9	12	11	13	15	17	13	14	30	30	17	24	16	18	11	14	10	12	0	0	22	23	6	9	8	8	16	17	
188302	NCI0107.tumor.DNA.1	SB749861	DCEG	12/2/2011		X	Y	10	11	8	11	12	12	14	18	12	16	29	30	19	20	15	17	11	11	9	10	0	0	22	23	6	9.3	9	11	17	19	
188305	NCI0107.tumor.DNA.2	SB749862	DCEG	12/2/2011		X	Y	10	11	8	11	12	12	14	18	12	16	29	30	19	20	15	17	11	11	9	10	0	0	22	23	6	9.3	9	11	17	19	
188418	NCI-0098.bm.DNA	SB749860	DCEG	12/2/2011		X	X	11	13	9	9	9	12	14	18	13	13.2	0	0	22	23	15	15	10	12	11	11	13	14	24	25	6	6	8	11	16	18	
188419	NCI0107.blood.DNA	SB749859	DCEG	12/2/2011		X	Y	10	11	8	11	12	12	14	18	12	16	29	30	19	20	15	17	11	11	9	10	14	15	22	23	6	9.3	9	11	17	19	
188687	NCI-0075.blood.DNA	SB749855	DCEG	12/2/2011		X	Y	10	10	11	13	8	13	15	15	13	14	29	30	20	23	14	17	12	12	10	12	12	13	21	24	9	9.3	8	9	17	18	
188694	SKNAS_TGEN.seq.DNA	SB867142	DCEG	10/31/2013		X	X	10	12	9	9	14	14	14	15	12	14	32.2	33.2	17	24	14	14	11	12	11	13	13	14	20	22	9.3	9.3	11	12	16	17	
188695	IMR5_TGEN.seq.DNA	SB867143	DCEG	10/31/2013	CHP134 IMR5 IMR32 GILIN are same genotype	X	Y	11	12	9	9	8	8	12	15	14	15	30	31	23	24	16	16	11	12	9	10	13	13	21	24	7	9.3	11	11	15	15	
188696	NBEB_TGEN.seq.DNA	SB867144	DCEG	10/31/2013		X	Y	12	12	11	12	12	12	15	20	14	15	27	32.2	19	20	17	17	10	12	12	14	11	13	24	25	6	9.3	8	8	17	19	
188697	IMR32_TGEN.seq.DNA	SB867145	DCEG	10/31/2013	CHP134 IMR5 IMR32 GILIN are same genotype	X	Y	11	12	9	9	8	8	12	15	14	15	30	31	23	24	16	16	11	12	9	10	13	13	21	24	7	9.3	11	11	15	15	
188698	LAN1.seq.DNA	SB749849	DCEG	12/2/2011	similar to SKNBE2	X	X	10	10	11	11	9	11	16	16	12	13	30	32.2	23	23	19	19	12	12	9	10	13	14	22	25	6	6	11	11	18	18	
188699	CHP134.seq.DNA	SB749850	DCEG	12/2/2011	CHP134 IMR5 IMR32 GILIN are same genotype	X	Y	11	12	9	9	8	8	12	15	14	15	30	31	23	24	16	16	11	12	9	10	13	13	21	24	7	9.3	11	11	15	15	
188700	SKNDZ.seq.DNA	SB867146	DCEG	10/31/2013		X	X	12	12	8	11	9	11	15	17	14.2	16	29	31	21	22	17	17	12	12	12	13	12	13	18	22	6	9	8	8	16	18	
188701	GILIN.seq.DNA	SB867147	DCEG	10/31/2013	CHP134 IMR5 IMR32 GILIN are same genotype	X	Y	11	12	9	9	8	8	12	15	14	15	30	31	23	24	16	16	11	12	9	10	13	13	21	24	7	9.3	11	11	15	15	
188702	SKNSH.seq.DNA	SB867148	DCEG	10/31/2013		X	X	11	11	11	11	8	13	13	16	13	14	31	31.2	17	19	15	16	12	12	7	10	15	15	23.2	24	7	10	8	11	14	18	
188703	SKNFI.seq.DNA	SB867149	DCEG	10/31/2013		X	Y	10	12	11	14	11	12	12	14	12	12	28	30	17	18	16	18	12	13	8	9	11	12	22	22	6	9.3	8	9	16	17	
188704	SHSY5Y.seq.DNA	SB867150	DCEG	10/31/2013		X	X	11	11	11	11	8	13	13	16	13	14	31	31.2	17	19	15	16	12	12	7	10	15	15	23.2	24	7	10	8	11	14	18	
188705	KCNR.seq.DNA	SB867151	DCEG	10/31/2013		X	Y	10	10	12	13	10	11	15	19	14	15	30	31.2	17	22	14	15	11	11	9	11	13	14	19	22	9.3	9.3	11	11	17	18	
188706	LAN5.seq.DNA	SB867152	DCEG	10/31/2013		X	Y	10	11	9	12	9	12	17	22	13	15	29	31	19	25	15	16	11	11	10	10	11	13	21	27	6	9.3	8	8	15	16	
188707	SKNBE2.seq.DNA	SB867153	DCEG	10/31/2013		X	Y	10	10	11	11	9	11	14	16	12	13	30	32.2	17	23	19	19	12	12	9	10	13	14	22	25	6	7	8	11	18	18	
189108	NB1691.seq.DNA	SB867154	DCEG	10/31/2013		X	X	10	14	8	12	9	12	16	21	14	16	31.2	31.2	17	17	15	15	12	12	11	11	13	15	22	22	9	9	8	8	14	19	
196057	NCI-0039.tumor.DNA.1	SB948306	DCEG	11/17/2014		X	Y	9	14	10	12	12	13	12	13	13	16	28	31	20	23	14	16	11	12	11	12	12	14	19	30	6	7	8	8	14	16	
198684	NCI-RMS-061-LM1.seq.DNA	SB749832	DCEG	12/2/2011	Low	0	0	0	0	0	0	0	0	0	0	0	0	0	0	0	0	0	0	0	0	0	0	0	0	0	0	0	0	0	0	0	0	
198687	NCI-RMS-061-LM3.seq.DNA	SB749833	DCEG	12/2/2011	Low	0	0	11	11	13	13	0	0	0	0	0	0	0	0	21	21	18	18	11	12	8	8	0	0	0	0	0	0	8	8	17	17	
198690	NCI-RMS-052.seq.DNA	SB867136	DCEG	10/31/2013		X	Y	10	12	10	10	10	12	12	14	13	15.2	28	31.2	23	23	15	18	10	11	12	12	10	15	23	23	6	6	8	11	16	17	
198693	NCI-ARMS1.seq.DNA	SB867137	DCEG	10/31/2013		X	Y	10	11	12	14	8	9	15	18	11	13	29	31.2	20	21	16	16	10	12	8	12	12	15	22	26	7	7	9	9	15	17	
199024	RMS559.seq.DNA	SB867138	DCEG	10/31/2013		X	X	11	12	11	11	12	12	12	12	12	15	28	28	17	17	16	19	12	13	10	13	15	15	20	21	9.3	9.3	8	8	15	15	
207156	EWS2001.blood.DNA.2	SB787975	DCEG	6/12/2012	Low	0	0	0	0	0	0	0	0	0	0	0	0	0	0	0	0	0	0	0	0	0	0	0	0	0	0	0	0	0	0	0	0	
207157	EWS2004.blood.DNA.2	SB787978	DCEG	6/12/2012	 	X	X	11	11	12	13	8	11	15	18	13.2	14	30	32.2	17	17	15	15	11	12	9	11	8	15	20	22	6	7	8	8	15	16	
207158	EWS2005.blood.DNA.2	SB787981	DCEG	6/12/2012	 	X	X	11	12	11	12	12	13	12	22	14	16.2	28	28	16	23	15	16	11	11	9	9	12	13	21	25	9	9	9	10	14	17	
207159	EWS2006.blood.DNA.2	SB787984	DCEG	6/12/2012	 	X	Y	10	12	11	12	12	13	15	17	14.2	15	30	32	17	19	15	18	11	12	8	12	10	13	22	22	6	8	8	9	16	17	
207160	EWS2007.blood.DNA.2	SB787987	DCEG	6/12/2012	 	X	Y	11	12	11	12	13	13	14	15	14	15	27	31.2	17	17	16	16	11	13	9	10	13	15	20	22	9.3	9.3	9	11	16	17	
207161	EWS2008.blood.DNA.2	SB787990	DCEG	6/12/2012	 	X	X	10	12	10	11	9	12	15	17	13	13	30	31	19	24	15	16	10	12	10	12	14	15	20	21	9.3	9.3	8	9	15	16	
207162	EWS2009.blood.DNA.2	SB787993	DCEG	6/12/2012	 	X	Y	11	12	11	11	11	11	17	20	13	14	29	32.2	17	18	14	16	11	12	10	10	12	13	22	22	6	7	8	11	18	18	
207163	EWS2012.blood.DNA.2	SB787996	DCEG	6/12/2012	 	X	X	11	12	12	14	11	14	12	16	12	13	27	31.2	20	24	14	17	11	13	10	10	8	10	19	21	7	9.3	11	11	17	18	
207164	EWS2013.blood.DNA.2	SB787999	DCEG	6/12/2012	Low	X	X	0	0	13	14	0	0	12	16	13	15.2	0	0	0	0	16	16	11	13	0	0	10	15	23	23	6	8	8	9	15	17	
207165	EWS2014.blood.DNA.2	SB788002	DCEG	6/12/2012	 	X	Y	11	12	12	12	8	11	14	14	13	13	30	30.2	17	19	14	17	11	11	10	10	11	14	22	24	6	7	8	10	15	19	
209043	NCI0136.tumor.DNA.2	SB948311	DCEG	11/17/2014		X	Y	11	11	14	15	9	13	17	18	13	14	30	30	20	21	0	0	10	13	9	12	10	13	19	22	7	9.3	8	8	14	16	
209223	Rh30.DNA.20120524	SB788004	DCEG	6/12/2012	 	X	Y	10	11	11	11	12	12	15	16	14	15.2	29	31.2	17	20	15	15	12	13	10	10	12	15	22	22	9	9.3	8	11	17	18	
209224	RD.DNA.20120524	SB788005	DCEG	6/12/2012	Match with RD.seq.DNA	X	X	10	11	13	13	10	11	13	18	11	11	28	29	17	23	15	17	11	11	8	12	11	15	20	21	9.3	9.3	9	9	18	18	
209225	Rh18.DNA.20120524	SB788006	DCEG	6/12/2012	 	X	X	11	12	8	9	12	13	15	16	13	15	29	31	17	21	17	17	10	13	10	11	10	13	20	22	7	9.3	8	11	16	18	
209226	Rh28.DNA.20120524	SB788007	DCEG	6/12/2012	Match with RD.seq.DNA	X	X	10	11	13	13	10	11	13	18	11	11	28	29	17	23	15	17	11	11	8	12	11	15	20	21	9.3	9.3	9	9	18	18	
209937	NCI0139p.slava.DNA	SB788011	DCEG	6/12/2012	 	X	Y	12	13	10	14	9	11	14	17	14	15.2	31.2	33.2	23	24	14	18	12	12	10	13	10	13	22	27	8	13.3	8	8	17	17	
210173	NCI0139m.blood.DNA	SB788008	DCEG	6/12/2012	 	X	X	11	13	10	11	9	9	17	18	12	15.2	28	33.2	22	24	14	16	11	12	12	13	8	10	20	22	9.3	13.3	8	9	17	17	
210174	NCI0139p.blood.DNA	SB788009	DCEG	6/12/2012	 	X	Y	12	13	10	14	9	11	14	17	14	15.2	31.2	33.2	23	24	14	18	12	12	10	13	10	13	22	27	8	13.3	8	8	17	17	
210178	NCI0139f.blood.DNA	SB788010	DCEG	6/12/2012	 	X	Y	11	12	12	14	11	12	13	14	13	13	31.2	32.2	23	24	18	18	12	12	8	10	13	15	24	27	8	9.3	8	8	16	17	
211862	LW_Sacral.DNA	SB844819	DCEG	6/11/2013	 	X	X	12	12	12	12	10	10	13	19	13	13	29	32	19	23	13	18	11	11	9	13	10	14	21	21	9	9.3	8	12	16	17	
211863	LW_HeartBlood.DNA	SB844820	DCEG	6/11/2013	 	X	X	12	12	12	12	10	10	13	19	13	13	29	32	19	23	13	18	11	11	9	13	10	14	20.2	21	9	9.3	8	12	16	17	
211864	TC253.seq.DNA	SB844821	DCEG	6/11/2013	 	X	X	11	13	8	10	12	12	13	18	13	13	29	29	17	20	16	17	11	12	11	11	13	14	24	24	7	8	8	10	18	19	
211865	TC138.seq.DNA	SB844822	DCEG	6/11/2013	 	X	Y	12	12	8	10	10	10	13	14	13	14	29	29	17	23	16	18	12	12	9	11	10	10	22	22	7	9	11	11	19	19	
211866	TTC547.seq.DNA	SB844823	DCEG	6/11/2013	TC487 TTC487 TTC547 are same genotype	X	X	10	12	11	13	12	12	13	19	12	13	31	33.2	18	24	16	17	12	12	11	11	11	13	21	24	9.3	9.3	8	11	14	17	
211867	CHLA258.seq.DNA	SB844824	DCEG	6/11/2013	 	X	X	10	11	9	11	10	10	12	17	0	0	31.2	31.2	17	23	15	15	7	11	11	12	14	15	19	25	7	9.3	8	11	16	18	
211868	TC106.seq.DNA	SB844825	DCEG	6/11/2013	 	X	X	11	13	10	11	13	13	17	18	12	12	29	31.2	24	26	16	17	12	13	9	10	12	13	21	22	9.3	9.3	8	10	16	18	
211869	TC167.seq.DNA	SB844826	DCEG	6/11/2013	SKNLO TC167 TC177 TC71 are same genotype	X	Y	10	11	11	12	11	14	12	15	0	0	29	30	20	24	15	17	10	10	10	10	10	12	24	26	9.3	9.3	8	9	17	17	
211870	TTC475.seq.DNA	SB844827	DCEG	6/11/2013	 	X	X	11	11	12	12	12	12	19	19	13	15	28	31	24	24	16	16	11	11	8	9	13	15	24	24	6	9.3	8	10	16	17	
211871	6647.seq.DNA	SB844829	DCEG	6/11/2013	 	X	X	11	13	8	8	10	12	13	19	14	14.2	29	30	17	25	15	17	11	13	8	10	10	13	22	24	9	9.3	8	9	14	18	
211872	SKNLO.seq.DNA	SB844830	DCEG	6/11/2013	Contaminated	X	Y	0	0	0	0	0	0	12	15	14	14	29	30	0	0	15	17	10	10	10	10	0	0	24	26	9.3	9.3	8	9	17	17	
211873	SKNLO.seq.DNA	SB844830	DCEG	6/11/2013	Contaminated	X	Y	0	0	0	0	0	0	12	15	14	15	0	0	0	0	15	17	0	0	10	11	0	0	24	26	9.3	9.3	0	0	14	17	
211874	CHLA352.seq.DNA	SB844831	DCEG	6/11/2013	 	X	Y	11	11	8	11	9	9	12	12	14	14	29	30	24	24	17	17	13	13	8	9	13	14	19	19	7	7	11	11	18	18	
211875	SKNMC.seq.DNA	SB844832	DCEG	6/11/2013	 	X	X	10	10	11	11	12	12	13	14	13	15.2	30	31.2	17	21	15	16	11	11	8	8	10	10	21	25	9.3	9.3	9	11	17	18	
211876	TC233.seq.DNA	SB844833	DCEG	6/11/2013	 	X	Y	10	11	12	12	11	12	13	14	14	15	29	30	20	24	18	18	11	13	9	12	13	14	23	23	8	9.3	8	11	17	17	
211877	TC177.seq.DNA	SB844834	DCEG	6/11/2013	SKNLO TC167 TC177 TC71 are same genotype	X	Y	10	11	11	12	11	14	12	15	14	14	29	30	20	24	15	17	10	10	10	10	10	12	24	26	9.3	9.3	9	9	17	17	
211878	TC248.seq.DNA	SB844835	DCEG	6/11/2013	 	X	X	10	11	11	11	9	12	16	17	14	15	29	30	17	17	15	15	12	13	8	10	10	14	19	20.2	7	8	11	11	17	18	
211879	TC249.seq.DNA	SB844836	DCEG	6/11/2013	 	X	Y	10	11	11	11	12	13	14	20	15.2	16	29	31	19	24	16	16	12	12	10	12	9	13	20	26	8	9	8	8	16	18	
211880	CHP100L.seq.DNA	SB844837	DCEG	6/11/2013	 	X	X	12	13	11	13	10	10	12	17	13	13	29	29	18	21	16	16	11	12	9	10	12	15	0	0	6	9.3	8	9	17	19	
211881	TC487.seq.DNA	SB844838	DCEG	6/11/2013	TC487 TTC487 TTC547 are same genotype	X	X	10	12	11	13	12	12	13	19	12	13	31	33.2	18	24	16	17	12	12	11	11	11	13	21	24	9.3	9.3	8	11	14	17	
211882	TTC466.seq.DNA	SB844839	DCEG	6/11/2013	 	X	X	10	10	10	12	11	12	14	17	14	14	29	32.2	19	22	17	18	10	10	8	10	13	15	24	25	7	7	8	8	15	17	
211883	TC244.seq.DNA	SB844840	DCEG	6/11/2013	 	X	Y	11	11	11	11	9	10	12	14	15	15	29	30	23	25	16	17	11	12	9	11	14	16	21	27	8	9	11	11	18	19	
211884	TC4C.seq.DNA	SB844841	DCEG	6/11/2013	 	X	Y	11	11	13	13	9	11	12	17	14	16.2	29	29	19	26	16	16	10	10	11	11	12	12	20	22	9.3	9.3	8	8	0	0	
211885	TC215.seq.DNA	SB844842	DCEG	6/11/2013	 	X	Y	11	12	12	12	12	12	14	16	14	14	28	34.2	16	26	14	17	12	13	8	10	12	16	19	22	6	9.3	8	9	16	18	
213622	7250.LNCX.NILC.DNA	SB867140	DCEG	10/31/2013		X	X	10	12	12	13	13	13	13	16	13	14	28	31.2	22	23	16	17	11	14	9	11	12	15	22	24	8	8	8	9	15	18	
213625	7250.LNCX.PF19.DNA	SB867141	DCEG	10/31/2013		X	X	10	12	12	13	13	13	13	16	13	14	28	31.2	22	23	16	17	11	14	9	11	12	15	22	24	8	8	8	9	15	18	
214153	NCI0150.blood.DNA	SB844816	DCEG	6/11/2013	 	X	X	12	13	10	12	8	13	17	20	14	15.2	28	28	17	23	15	16	12	12	10	13	13	15	21	23	9	9.3	8	8	14	16	
214154	NCI0150.tumor.DNA.1	SB844817	DCEG	6/11/2013	 	X	X	12	13	10	12	8	13	17	20	14	15.2	28	28	17	23	15	16	12	12	10	13	13	15	21	23	9	9.3	8	8	14	16	
214155	NCI0150.tumor.DNA.2	SB844818	DCEG	6/11/2013	 	X	X	12	13	10	12	8	13	17	20	15.2	15.2	28	28	17	23	15	16	12	12	10	13	13	15	21	23	9	9.3	8	8	14	16	
214155	NCI0150.tumor.DNA.2	SB948313	DCEG	11/17/2014		X	X	12	13	10	12	8	13	17	20	15.2	15.2	28	28	17	23	15	16	12	12	10	13	13	15	21	23	9	9.3	8	8	14	16	
216244	NCI0160.tumor.DNA	SB948318	DCEG	11/17/2014		X	Y	10	12	8	12	11	13	16	16	12	13	27	31.2	17	25	16	18	11	13	8	11	12	15	20	24	8	9	8	11	14	16	
216573	EWS2022.tumor.DNA	SB844846	DCEG	6/11/2013	 	X	Y	11	11	11	12	11	12	14	16	13	13	29	29	20	20	14	17	11	12	11	11	12	13	20	22	6	9.3	8	11	14	17	
216574	EWS2023.tumor.DNA	SB844848	DCEG	6/11/2013	 	X	X	11	12	11	12	11	11	12	15	14	14	28	29	21	22	15	16	10	12	11	14	9	13	20	25	7	9.3	8	8	14	17	
216588	ASPS001.tumor.DNA	SB948345	DCEG	11/17/2014		X	X	11	14	8	8	11	11	13	17	14	14.2	28	29	17	17	16	19	11	13	10	10	11	13	0	0	8	9.3	8	8	14	18	
217935	NCI-0041.tumor.DNA	SB948307	DCEG	11/17/2014		X	X	10	13	12	13	11	11	10	19	15	16	29	30	23	26	16	16	13	13	8	11	13	13	21	23	9.3	9.3	0	0	0	0	
217937	NCI0152.tumor.DNA.1	SB948314	DCEG	11/17/2014		X	X	11	12	14	14	11	11	16	17	10	15	28	31	17	21	16	16	11	11	10	10	11	14	19	19	6	6	8	9	16	16	
217939	NCI0153.tumor.DNA.1	SB948315	DCEG	11/17/2014		X	Y	10	12	8	8	12	12	15	17	13	15	30	30	18	23	15	17	12	12	8	9	10	15	22	24	0	0	8	8	14	18	
217942	NCI0163.tumor.DNA.3	SB948319	DCEG	11/17/2014		X	X	11	11	8	9	9	9	13	19	14	14.2	29	30	20	23	17	17	11	12	8	10	12	13	24	24	6	9	8	11	17	18	
218372	EWS2022.bm.DNA	SB844845	DCEG	6/11/2013	 	X	Y	11	11	11	12	11	12	14	16	13	13	29	29	20	20	14	17	11	12	11	11	12	13	20	22	6	9.3	8	11	14	17	
218373	EWS2023.bm.DNA	SB844847	DCEG	6/11/2013	 	X	X	11	12	11	12	11	11	12	15	14	14	28	29	21	22	15	16	10	12	11	14	9	13	20	25	7	9.3	8	8	14	17	
218907	EWS103.tumor.DNA.2	SB948341	DCEG	11/17/2014		X	X	12	12	8	11	12	14	12	16	13	14	28	30	17	24	14	14	11	12	8	12	10	15	21	22	6	8	8	11	15	17	
218910	EWS106.tumor.DNA.2	SB948342	DCEG	11/17/2014		X	X	12	12	10	12	9	13	12	13	13	15	29	32.2	21	24	16	19	12	13	8	12	12	12	19	21	8	9.3	9	11	17	18	
222433	NCI0165.tumor.DNA.2	SB948320	DCEG	11/17/2014		X	Y	12	13	10	11	9	11	12	14	12	15.2	28	31	17	24	15	16	11	13	8	12	14	16	23	25	6	8	10	11	14	16	
222434	NCI0167.tumor.DNA.1	SB948321	DCEG	11/17/2014		X	X	10	12	8	12	11	14	14	16	14	16	28	28	19	23	15	15	11	12	7	12	13	14	21	21	6	9.3	8	9	16	17	
222445	NCI0171.tumor.DNA	SB948323	DCEG	11/17/2014		X	X	11	11	11	11	9	10	12	18	13	15	28	30	17	23	15	16	9	10	8	10	10	15	22	24	6	9.3	8	8	16	17	
223099	TC32.seq.DNA	SB844843	DCEG	6/11/2013	 	X	X	11	13	10	12	13	14	11	19	12	14	27	28	17	19	15	16	12	13	8	11	12	12	23	24	6	9.3	9	11	15	18	
223100	SKES1.seq.DNA	SB844844	DCEG	6/11/2013	 	X	Y	11	11	8	9	11	11	13	15	13	14	30	30	17	17	16	18	12	12	10	11	11	13	20	21	6	9.3	8	8	14	17	
230511	NCI0128.tumor.DNA	SB948310	DCEG	11/17/2014		X	X	12	12	11	11	11	11	13	13	13	14.2	30	30	18	19	18	18	11	11	8	13	11	15	22.2	22.2	6	6	11	11	16	17	
230520	NCI0159.tumor.DNA	SB948317	DCEG	11/17/2014		X	Y	11	12	9	11	10	12	16	18	13	14	30	32	17	24	16	18	11	13	9	12	12	13	20	22	6	9.3	8	10	16	16	
230523	NCI0172.tumor.DNA.2	SB948324	DCEG	11/17/2014		X	Y	11	12	12	12	12	12	12	15	13	14	31.2	33.2	23	25	15	19	9	11	11	12	12	14	19	22	7	9.3	8	8	16	16	
230524	NCI0173.tumor.DNA	SB948325	DCEG	11/17/2014		X	Y	11	13	9	11	11	13	12	17	14	14	28	30	22	23	16	17	12	13	8	10	12	13	19	22	6	7	8	11	16	17	
230528	NCI0175.tumor.DNA.1	SB948326	DCEG	11/17/2014	Low	X	Y	0	0	11	12	11	13	12	16	12	14	31	32.2	0	0	17	18	11	13	0	0	12	14	21	23	7	9	0	0	16	16	
230531	RH3.seq.DNA	SB867139	DCEG	10/31/2013		X	Y	10	12	12	13	11	12	15	19	14	15.2	31.2	32.2	18	25	14	17	7	11	10	11	12	13	22	22	7	7	8	9	14	17	
230756	A204.dtp.DNA	SB867155	DCEG	10/31/2013		X	X	10	13	11	12	11	12	17	18	12	13	28	30	17	22	14	17	12	12	8	10	13	15	21	21	8	9.3	8	9	15	17	
230757	A673.dtp.DNA	SB867156	DCEG	10/31/2013		X	Y	12	12	11	11	13	13	13	13	13	13	29	33.2	17	18	17	17	10	10	10	10	12	13	21	21	8	9.3	9	11	17	18	
230758	ASPS1.dtp.DNA	SB867157	DCEG	10/31/2013		X	X	8	11	11	11	9	10	13	17	12	13	28	30	17	25	15	18	11	12	8	9	12	15	20	20	6	6	10	10	14	18	
230759	CHA59.dtp.DNA	SB867158	DCEG	10/31/2013	Contaminated	X	X	0	0	14	14	0	0	16	17	13	13	0	0	17	17	16	17	10	11	8	11	16	16	22	23	9	9.3	9	9	0	0	
230760	CHLA10.dtp.DNA	SB867159	DCEG	10/31/2013		X	X	12	12	12	12	11	11	12	14	12	13	28	29	20	20	15	15	12	12	9	10	10	13	23	23	7	7	11	11	16	16	
230761	CHLA25.dtp.DNA	SB867160	DCEG	10/31/2013		X	X	10	10	10	12	11	12	14	17	14	14	29	32.2	19	22	17	18	10	10	8	10	13	15	24	25	7	7	8	8	15	17	
230762	CHLA258.dtp.DNA	SB867161	DCEG	10/31/2013		X	X	10	11	9	11	10	12	12	17	14	14	31.2	31.2	17	23	15	15	7	11	11	12	14	15	19	25	7	9.3	8	11	16	18	
230763	CHLA32.dtp.DNA	SB867162	DCEG	10/31/2013		X	X	11	11	12	12	12	12	19	19	13	15	0	0	24	24	16	16	11	11	8	9	13	15	24	24	6	9.3	8	10	16	17	
230764	CHLA9.dtp.DNA	SB867163	DCEG	10/31/2013		0	0	12	12	11	12	11	11	12	14	0	0	28	29	19	20	15	16	12	12	9	10	10	13	23	24	7	9.3	8	11	16	17	
230765	CHP100.dtp.DNA	SB867164	DCEG	10/31/2013	Contaminated	X	Y	12	13	13	13	0	0	0	0	0	0	29	30	0	0	16	16	0	0	9	10	0	0	22	25	6	9.3	8	9	17	19	
230766	COGE352.dtp.DNA	SB867165	DCEG	10/31/2013		X	Y	11	11	8	11	9	9	12	12	14	14	29	30	24	24	17	17	13	13	8	9	13	14	19	19	7	7	11	11	18	18	
230767	DDLS.dtp.DNA	SB867166	DCEG	10/31/2013		X	X	10	11	8	11	9	11	17	17	14.2	14.2	32.2	33.2	20	21	15	15	12	12	11	12	10	13	24	24	6	9.3	11	11	0	0	
230768	ES1.dtp.DNA	SB867167	DCEG	10/31/2013		X	X	10	10	9	11	11	11	19	19	15	15.2	29	30	23	25	14	16	11	11	9	12	13	13	21	23	9.3	10	10	10	16	19	
230769	ES2.dtp.DNA	SB867168	DCEG	10/31/2013		X	X	12	12	13	14	13	13	13	19	14	14	29	30.2	18	20	16	16	11	11	10	10	0	0	24	24	6	9	8	8	0	0	
230770	ES3.dtp.DNA	SB867169	DCEG	10/31/2013	Contaminated	X	X	0	0	0	0	13	13	13	19	0	0	0	0	17	20	0	0	11	12	0	0	13	14	0	0	0	0	0	0	0	0	
230771	ES4.dtp.DNA	SB867170	DCEG	10/31/2013		X	Y	11	11	11	12	9	9	16	18	12	15	29	29	17	20	16	17	11	12	11	12	13	14	20	25	6	7	8	10	16	17	
230772	ES6.dtp.DNA	SB867171	DCEG	10/31/2013		X	Y	12	12	11	13	12	12	15	15	12	15	29	29	22	25	0	0	11	13	11	12	11	14	18	22	7	7	8	9	15	15	
230773	ES7.dtp.DNA	SB867172	DCEG	10/31/2013		X	X	12	14	8	11	11	12	15	16	13	14	27	27	16	24	14	14	11	11	10	10	0	0	20	20	7	7	8	11	0	0	
230774	ES8.dtp.DNA	SB867173	DCEG	10/31/2013		X	Y	10	13	13	13	11	11	15	17	13	14	29	33.2	18	18	16	16	12	13	7	12	0	0	18	23	6	9.3	8	9	16	17	
230775	EW8.dtp.DNA	SB867174	DCEG	10/31/2013	RH1.seq and EW8.dtp are same	X	Y	11	11	10	10	13	13	15	15	13	15.2	29	30	16	19	11	18	11	11	8	12	14	16	22	23	9.3	9.3	8	8	17	17	
230776	G401.dtp.DNA	SB867175	DCEG	10/31/2013		X	Y	11	13	9	14	12	12	14	14	13	14	31	33.2	18	24	16	18	13	13	11	14	13	14	24	27	8	9.3	8	11	16	16	
230777	HOS.dtp.DNA	SB867176	DCEG	10/31/2013		X	X	12	12	12	12	10	13	14	17	13	13	31.2	32.2	24	25	15	15	13	13	11	12	11	14	24	24	6	6	8	11	18	18	
230778	Hs706T.dtp.DNA	SB867177	DCEG	10/31/2013		X	X	12	13	8	13	13	13	12	13	13	15	31.2	32.2	17	22	16	17	11	12	9	10	12	15	21	24	8	9	8	10	16	18	
230779	Hs913T.dtp.DNA	SB867178	DCEG	10/31/2013		X	X	11	12	8	13	11	11	13	16	13	14	29	30.2	16	21	14	14	11	12	10	12	11	13	19	20	9.3	9.3	8	8	15	18	
230780	HSSY11.dtp.DNA	SB867179	DCEG	10/31/2013		X	Y	11	12	10	10	9	9	15	15	13	15	29	33.2	18	19	16	16	10	12	10	12	14	14	21	21	8	8	8	12	17	18	
230781	HT1080.dtp.DNA	SB867180	DCEG	10/31/2013		X	Y	12	12	12	14	9	12	12	18	13.2	15	28	30	25	26	16	16	11	13	9	10	13	14	22	25	6	6	8	8	14	19	
230782	Hu09.dtp.DNA	SB867181	DCEG	10/31/2013		X	X	10	11	11	11	11	11	13	13	11	15.2	28	28	17	20	16	16	13	13	10	10	15	15	24	24	9	9	9	9	14	14	
230783	KHOSNP.dtp.DNA	SB867182	DCEG	10/31/2013		X	X	12	12	12	12	10	13	17	17	13	13	31.2	32.2	24	25	15	15	13	13	11	12	11	14	24	24	6	6	8	11	18	18	
230784	KHOS240S.dtp.DNA	SB867183	DCEG	10/31/2013		X	X	12	12	12	12	10	13	14	17	13	13	31.2	32.2	24	25	15	15	13	13	11	12	11	14	24	24	6	6	11	11	18	18	
230785	KHOS312H.dtp.DNA	SB867184	DCEG	10/31/2013		X	X	12	12	12	12	10	13	14	17	13	13	31.2	32.2	24	25	15	15	13	13	11	12	11	14	24	24	6	6	8	11	18	18	
230786	LS141.dtp.DNA	SB867185	DCEG	10/31/2013		X	X	11	12	13	13	12	14	11	14	13	13	28	29	17	17	17	17	12	12	11	12	11	13	23	23	9.3	9.3	8	11	17	17	
230787	MESSA.dtp.DNA	SB867186	DCEG	10/31/2013		X	X	11	11	11	13	11	12	12	15	14.2	15	29	30.2	17	17	14	17	13	13	7	11	14	15	20	25	6	6	8	11	18	18	
230788	MESSADx5.dtp.DNA	SB867187	DCEG	10/31/2013		X	X	11	11	13	13	11	12	15	15	14.2	15	29	30.2	17	17	14	17	13	13	7	11	14	15	20	25	6	6	8	11	18	18	
230789	MHM25.dtp.DNA	SB867188	DCEG	10/31/2013		X	X	11	11	10	12	9	13	12	14	14	15	30.2	32	19	24	17	18	12	13	9	9	10	13	19	23	9.3	9.3	9	12	17	18	
230790	MHM8.dtp.DNA	SB867189	DCEG	10/31/2013		X	X	11	11	10	12	9	13	12	14	14	15	30.2	32	19	24	17	18	12	13	9	9	10	13	19	23	7	9.3	9	12	17	18	
230791	MPNST.dtp.DNA	SB867190	DCEG	10/31/2013		X	X	10	13	11	12	9	11	17	17	14	15	28	29	20	21	14	15	9	13	9	10	10	12	22	22	6	7	8	8	15	17	
230792	OHS.dtp.DNA	SB867191	DCEG	10/31/2013		X	X	10	12	8	14	12	12	12	14	14	15	30	30	24	25	16	19	10	10	11	13	13	13	20	22	9	9	8	11	16	16	
230793	RD.dtp.DNA	SB867192	DCEG	10/31/2013	Match with RD.seq.DNA	X	X	10	11	13	13	10	11	13	18	11	14	28	29	17	23	15	17	11	11	8	12	11	15	20	21	9.3	9.3	9	9	18	18	
230794	RDES.dtp.DNA	SB867193	DCEG	10/31/2013		X	Y	11	11	11	12	9	11	14	18	13	14	28	28	19	20	15	15	11	11	10	10	13	13	21	25	7	7	9	11	17	17	
230795	Rh18.dtp.DNA	SB867194	DCEG	10/31/2013		X	X	10	10	12	12	9	12	16	17	12	14	32.2	33.2	19	24	16	16	12	12	8	10	13	15	23	23	7	7	8	9	15	17	
230796	Rh28.dtp.DNA	SB867195	DCEG	10/31/2013		X	Y	11	11	10	10	8	9	14	18	13.2	14	28	30	16	24	15	16	11	11	8	12	11	15	21	23	9	9.3	8	8	16	18	
230797	RH28PX11LPAM.dtp.DNA	SB867196	DCEG	10/31/2013		X	Y	11	11	10	10	8	9	14	18	13.2	14	28	30	16	24	15	16	11	11	8	12	11	15	21	23	9	9.3	8	8	16	18	
230798	Rh30.dtp.DNA	SB867197	DCEG	10/31/2013		X	Y	10	11	11	11	12	12	15	16	14	15.2	29	31.2	17	20	15	15	12	13	10	10	12	15	22	22	9	9.3	8	11	17	18	
230799	Rh36.dtp.DNA	SB867198	DCEG	10/31/2013		X	Y	11	12	12	13	11	13	16	16	14	15	31	32	18	18	14	16	13	13	10	11	0	0	25	25	9.3	9.3	8	8	14	18	
230800	Rh41.dtp.DNA	SB867199	DCEG	10/31/2013	"same cell lines: Rh4.seq, Rh41.seq, Rh41.dtp, and Rh4.UK"	X	X	11	12	8	9	12	13	15	16	13	15	29	31	17	21	17	17	10	13	10	11	10	13	20	22	7	9.3	8	11	16	18	
230801	SAOS2.dtp.DNA	SB867200	DCEG	10/31/2013		X	X	10	10	12	13	12	13	0	0	13	13	28	30	18	18	14	18	12	12	8	10	10	12	22	25	6	9	8	8	18	18	
230802	RMS13.dtp.DNA	SB867201	DCEG	10/31/2013	same as Rh30	X	Y	10	11	11	11	12	12	15	16	14	15.2	29	31.2	17	20	15	15	12	13	10	10	12	15	22	22	9	9.3	8	11	17	18	
230803	SJSA1.dtp.DNA	SB867202	DCEG	10/31/2013		X	Y	10	11	12	13	9	10	15	17	14.2	15	28	33.2	21	25	16	17	12	12	9	11	13	15	22	23	7	9	8	9	19	19	
230804	SKES1.dtp.DNA	SB867203	DCEG	10/31/2013		X	Y	11	11	8	9	11	11	13	15	13	14	30	30	17	17	16	18	12	12	10	11	11	13	20	21	6	9.3	8	8	14	17	
230805	SKLMS1.dtp.DNA	SB867204	DCEG	10/31/2013		X	X	9	10	11	12	8	11	14	19	14	15	28	30	17	24	15	16	11	13	8	9	12	12	25	25	6	7	8	9	18	20	
230806	SKNMC.dtp.DNA	SB867205	DCEG	10/31/2013	Contaminated	X	Y	10	10	11	12	12	12	0	0	0	0	30	31.2	0	0	15	16	11	11	8	10	10	12	21	25	0	0	9	11	17	18	
230807	SKUT1.dtp.DNA	SB867206	DCEG	10/31/2013		X	Y	10	11	13	13	13	14	11	16	12	13	29	32.2	19	21	15	16	10	11	9	10	13	15	22	24	7	7	8	8	15	16	
230808	SKUT1B.dtp.DNA	SB867207	DCEG	10/31/2013	Contaminated	X	X	10	11	10	13	12	14	11	17	0	0	29	32.2	19	21	0	0	10	11	9	10	0	0	22	23	7	7	8	8	16	16	
230809	ST8814.dtp.DNA	SB867208	DCEG	10/31/2013		X	X	10	13	12	12	9	11	17	17	14	15	28	29	20	21	14	15	9	13	9	10	10	12	22	22	6	7	8	8	15	17	
230810	SW1353.dtp.DNA	SB867209	DCEG	10/31/2013		X	X	12	12	12	13	11	12	13	17	14	14	30	32.2	19	24	15	18	10	11	9	11	10	11	22	23	6	9	8	11	16	17	
230811	SW684.dtp.DNA	SB867210	DCEG	10/31/2013		X	Y	12	13	10	13	11	13	14	19	13	15.2	30	31.2	20	25	15	18	12	12	7	10	14	14	20	22	6	9.3	11	11	16	17	
230812	SW982.dtp.DNA	SB867211	DCEG	10/31/2013		X	Y	11	12	12	13	11	12	16	18	12	15	28	30	19	20	15	15	11	13	9	11	11	14	21	24	9.3	9.3	9	11	19	20	
230813	SYO1.dtp.DNA	SB867212	DCEG	10/31/2013		X	Y	10	10	9	9	9	13	15	19	12	14	30	30	19	24	15	15	9	12	11	11	12	14	19	24	6	7	9	12	17	17	
230814	TC32.dtp.DNA	SB867213	DCEG	10/31/2013		X	X	11	13	10	12	13	14	11	19	12	14	27	28	17	19	15	16	12	13	8	11	12	12	23	24	6	9.3	9	11	15	18	
230815	TC71.dtp.DNA	SB867214	DCEG	10/31/2013	SKNLO TC167 TC177 TC71 are same genotype	X	Y	10	11	11	12	11	14	12	15	14	15	29	30	20	24	15	17	10	10	10	10	10	12	24	26	9.3	9.3	8	9	17	17	
230816	U2OS.dtp.DNA	SB867215	DCEG	10/31/2013		X	X	13	13	13	13	11	12	0	0	0	0	31	31	20	24	16	16	11	11	11	12	12	14	20	20	6	9.3	11	12	14	18	
230817	VAESBJ.dtp.DNA	SB867216	DCEG	10/31/2013		X	X	11	12	11	12	11	12	12	13	14	14	27	28	16	17	16	16	11	13	11	12	11	15	22	22	6	6	8	8	18	19	
230818	NHDF.dtp.DNA	SB867217	DCEG	10/31/2013		X	Y	9	10	9	11	9	11	14	16	12	13	30	31	22	24	15	16	12	15	8	10	14	14	19	24	7	8	8	9	16	17	
230819	SkMC.dtp.DNA	SB867218	DCEG	10/31/2013		X	Y	12	12	10	12	10	12	13	18	12.2	13	29	29	23	26	16	17	9	11	8	10	13	14	19	24	6	9.3	9	11	14	16	
230820	Hs729.dtp.DNA	SB867219	DCEG	10/31/2013		X	Y	10	10	11	12	11	11	12	19	14	15	28	31.2	17	17	17	17	11	12	8	9	10	14	19	20	6	9.3	11	11	16	17	
230821	JJ012.dtp.DNA	SB867220	DCEG	10/31/2013		0	0	10	10	11	11	11	12	15	15	12	13	28	29	20	23	16	17	11	12	8	8	13	13	21	22	6	8	8	9	15	19	
232605	NCI0185.tumor.DNA	SB948328	DCEG	11/17/2014		X	Y	11	12	10	11	8	9	13	14	14	14	29	32.2	21	25	15	16	11	12	8	11	13	14	19	20	9	9.3	9	11	17	18	
232606	NCI0183.tumor.DNA	SB948327	DCEG	11/17/2014		X	Y	11	13	9	9	13	13	13	15	13	14	29	31.2	22	22	15	15	9	11	11	11	15	15	23	23	7	7	12	12	19	19	
234797	5838.ucsf.DNA	SB867221	DCEG	10/31/2013		X	Y	11	11	13	13	9	11	12	12	14	16.2	29	29	19	26	16	16	10	10	11	11	12	12	20	22	9.3	9.3	8	8	15	18	
234798	6647.ucsf.DNA	SB867222	DCEG	10/31/2013		X	X	11	13	8	8	10	12	13	19	14	14.2	29	30	17	25	15	17	11	13	8	10	10	13	22	24	9	9.3	8	9	14	18	
234799	A4573.ucsf.DNA	SB867223	DCEG	10/31/2013		X	X	11	11	8	10	12	12	13	18	13	13	29	29	17	20	16	17	11	12	11	11	13	14	24	24	7	8	8	10	18	19	
234800	A673.ucsf.DNA	SB867224	DCEG	10/31/2013		X	X	11	12	8	13	11	11	13	16	13	14	29	30.2	16	21	14	14	11	12	10	12	11	13	19	20	9.3	9.3	8	8	15	18	
234801	AG4.ucsf.DNA	SB867225	DCEG	10/31/2013		X	Y	10	10	11	12	11	11	12	15	14	14	29	30	20	24	15	17	10	10	10	10	10	12	24	26	9.3	9.3	8	9	17	17	
234802	AGPN.ucsf.DNA	SB867226	DCEG	10/31/2013		X	X	11	12	9	12	13	13	17	18	13	14	29	29	17	20	17	18	11	11	8	10	13	14	22	24	6	9	8	11	18	18	
234803	CHLA10.ucsf.DNA	SB867227	DCEG	10/31/2013		X	X	12	12	12	12	11	11	12	14	12	13	28	29	20	20	15	15	12	12	9	10	10	13	23	23	7	7	11	11	16	16	
234804	CHLA218.ucsf.DNA	SB867228	DCEG	10/31/2013		X	X	11	12	8	11	12	12	11	13	13	16	29	31	23	23	16	16	11	12	10	10	8	13	21	24	7	7	8	11	17	18	
234805	CHLA25.ucsf.DNA	SB867229	DCEG	10/31/2013		X	X	10	10	10	12	11	12	14	17	14	14	29	32.2	19	22	17	18	10	10	8	10	13	15	24	25	7	7	8	8	15	17	
234806	CHLA258.ucsf.DNA	SB867230	DCEG	10/31/2013		X	X	10	11	9	11	10	10	12	17	14	14	31.2	31.2	17	23	15	15	7	11	11	12	14	15	19	25	7	9.3	8	11	16	18	
234807	CHLA352.ucsf.DNA	SB867231	DCEG	10/31/2013		X	Y	11	11	8	11	9	9	12	12	14	14	29	30	24	24	17	17	13	13	8	9	13	14	19	19	7	7	11	11	18	18	
234808	CHLA9.ucsf.DNA	SB867232	DCEG	10/31/2013		X	X	12	12	11	12	11	11	12	14	12	13	28	29	19	20	15	16	12	12	9	10	10	13	23	24	7	9.3	8	11	16	17	
234809	CHP100L.ucsf.DNA	SB867233	DCEG	10/31/2013		X	X	12	13	11	13	10	10	12	17	13	13	29	29	18	21	16	16	11	12	9	10	12	15	0	0	6	9.3	8	9	17	19	
234810	ES8.ucsf.DNA	SB867234	DCEG	10/31/2013		X	Y	10	13	13	13	11	11	15	17	13	14	29	33.2	18	18	16	16	12	13	7	12	12	14	18	23	6	9.3	8	9	16	17	
234811	EW2.ucsf.DNA	SB867235	DCEG	10/31/2013		X	Y	11	11	13	14	12	12	11	12	13	14	31.2	32.2	17	23	17	17	15	15	11	12	13	13	22	26	6	9.3	8	11	19	19	
234812	SKES1.ucsf.DNA	SB867236	DCEG	10/31/2013		X	Y	11	11	8	9	11	11	13	15	13	14	30	30	17	17	16	18	12	12	10	11	11	13	20	21	6	9.3	8	8	14	17	
234813	SKNLO.ucsf.DNA	SB867237	DCEG	10/31/2013	SKNLO TC167 TC177 TC71 are same genotype	X	Y	10	10	11	12	11	14	12	15	14	14	29	30	20	24	15	17	10	10	10	10	10	12	24	26	9.3	9.3	8	9	17	17	
234814	SKNMC.ucsf.DNA	SB867238	DCEG	10/31/2013		X	X	10	10	11	11	12	12	13	14	13	15.2	30	31.2	17	21	15	16	11	11	8	8	10	10	21	25	9.3	9.3	9	11	17	18	
234815	SKNEP1.ucsf.DNA	SB867239	DCEG	10/31/2013		X	X	10	10	11	11	11	11	15	17	12	14	29	31	19	20	14	15	13	13	8	10	12	12	24	24	8	9.3	8	11	15	19	
234816	SKPNETLI.ucsf.DNA	SB867240	DCEG	10/31/2013		X	Y	10	10	9	11	12	12	16	20	14	16	33.2	33.2	17	21	15	15	12	12	10	12	12	14	21	22	6	8	8	12	14	18	
234817	TC106.ucsf.DNA	SB867241	DCEG	10/31/2013		X	X	11	13	10	11	13	13	17	18	12	12	29	31.2	24	26	16	17	12	13	9	10	12	13	21	22	9.3	9.3	8	10	16	18	
234818	TC138.ucsf.DNA	SB867242	DCEG	10/31/2013		X	Y	12	12	8	10	10	10	13	14	13	14	29	29	17	23	16	18	12	12	9	11	10	10	22	22	7	9	11	11	19	19	
234819	TC167.ucsf.DNA	SB867243	DCEG	10/31/2013	SKNLO TC167 TC177 TC71 are same genotype	X	Y	10	11	11	12	11	14	12	15	14	14	29	30	20	24	15	17	10	10	10	10	10	12	24	26	9.3	9.3	8	9	17	17	
234820	TC174.ucsf.DNA	SB867244	DCEG	10/31/2013		X	Y	10	10	11	12	11	14	12	15	14	14	29	30	20	24	15	17	10	10	10	10	10	12	24	26	9.3	9.3	8	9	17	17	
234821	TC177.ucsf.DNA	SB867245	DCEG	10/31/2013	SKNLO TC167 TC177 TC71 are same genotype	X	X	0	0	11	12	11	14	12	15	14	14	29	30	20	24	15	17	10	10	10	10	10	12	24	26	9.3	9.3	9	9	17	17	
234822	TC205.ucsf.DNA	SB867246	DCEG	10/31/2013		X	X	10	10	8	10	13	13	15	15	14	17.2	28	30	17	25	17	17	12	12	10	12	12	13	21	23	8	9	8	11	15	16	
234823	TC240.ucsf.DNA	SB867247	DCEG	10/31/2013		X	Y	10	11	12	12	11	12	13	14	14	15	29	30	20	24	18	18	11	13	9	12	13	14	23	23	8	9.3	8	11	17	17	
234824	TC248.ucsf.DNA	SB867248	DCEG	10/31/2013		X	X	10	11	11	11	9	12	16	17	14	15	29	30	17	17	15	15	12	13	8	10	10	14	19	20.2	7	8	11	11	17	18	
234825	TC249.ucsf.DNA	SB867249	DCEG	10/31/2013		X	Y	10	11	11	11	12	13	14	20	15.2	16	29	31	19	24	16	16	12	12	10	12	9	13	20	26	8	9	8	8	16	18	
234826	TC253.ucsf.DNA	SB867250	DCEG	10/31/2013		X	X	11	13	8	10	12	12	13	18	13	13	29	29	17	20	16	17	11	12	11	11	13	14	24	24	7	8	8	10	18	19	
234827	TC32.ucsf.DNA	SB867251	DCEG	10/31/2013		X	X	11	13	12	13	13	14	11	19	12	14	27	28	17	19	15	16	12	13	8	11	12	12	23	24	6	9.3	9	11	15	18	
234828	TC4C.ucsf.DNA	SB867252	DCEG	10/31/2013		X	Y	11	11	13	13	9	11	12	17	14	16.2	29	29	19	26	16	16	10	10	11	11	12	12	20	22	9.3	9.3	8	8	15	18	
234829	TC71.ucsf.DNA	SB867253	DCEG	10/31/2013	SKNLO TC167 TC177 TC71 are same genotype	X	Y	10	11	11	12	11	14	12	15	14	14	29	30	20	24	15	17	10	10	10	10	10	12	24	26	9.3	9.3	8	9	17	17	
234830	TTC466.ucsf.DNA	SB867254	DCEG	10/31/2013		X	X	10	10	10	12	11	12	14	17	14	14	29	32.2	19	22	17	18	10	10	8	10	13	15	24	25	7	7	8	8	15	17	
234831	TTC475.ucsf.DNA	SB867255	DCEG	10/31/2013		X	X	11	11	12	12	12	12	19	19	13	15	28	31	24	24	16	16	11	11	8	9	13	15	24	24	6	9.3	8	10	16	17	
234832	TTC487.ucsf.DNA	SB867256	DCEG	10/31/2013	TC487 TTC487 TTC547 are same genotype	X	X	10	12	11	13	12	12	13	19	12	13	31	33.2	18	24	16	17	12	12	11	11	11	13	21	24	9.3	9.3	8	11	14	17	
234833	TTC547.ucsf.DNA	SB867257	DCEG	10/31/2013	TC487 TTC487 TTC547 are same genotype	X	X	10	12	11	13	12	12	13	19	12	13	31	33.2	18	24	16	17	12	12	11	11	11	13	21	24	9.3	9.3	8	11	14	17	
234846	NCI0199.tumor.DNA	SB948329	DCEG	11/17/2014	Low	X	Y	0	0	0	0	9	12	14	18	0	0	31	32.2	22	27	0	0	12	13	8	11	13	14	0	0	9	9	8	8	14	17	
235870	RMZRC2.UBol.DNA	SB867258	DCEG	10/31/2013		X	Y	9	10	8	10	12	13	14	15	13	15	29	32.2	17	17	17	18	10	11	12	12	11	14	23	24	7	7	8	11	16	18	
235871	CCA.UBol.DNA	SB867259	DCEG	10/31/2013		X	Y	12	13	13	14	11	12	15	18	14	14	28	32.2	23	24	18	18	11	13	10	12	12	12	22	23	9	9	9	11	15	17	
235872	SKNEP1.ucsf.DNA.2	SB867260	DCEG	10/31/2013		X	X	10	10	11	11	11	11	15	17	12	14	29	31	19	20	14	15	13	13	8	10	12	12	24	24	8	9.3	8	11	15	19	
235873	TC240.ucsf.DNA.2	SB867261	DCEG	10/31/2013	Contaminated	X	Y	10	11	12	12	11	12	13	14	14	15	29	30	20	24	18	18	11	13	9	12	0	0	0	0	8	9.3	8	11	0	0	
235874	SKPNETLi.ucsf.DNA.2	SB867262	DCEG	10/31/2013		X	Y	10	10	9	11	12	12	16	20	14	16	33.2	33.2	17	21	15	15	12	12	10	12	12	14	21	22	6	8	8	12	14	18	
237080	NCI0204.tumor.DNA	SB948330	DCEG	11/17/2014		X	X	10	12	10	11	13	13	12	18	14	16	27	30	0	0	14	16	9	13	12	12	10	14	21	22	9	9.3	8	11	16	17	
239484	NCI0210.tumor.DNA	SB948332	DCEG	11/17/2014		X	Y	10	10	8	11	11	11	14	15	15	16	30	31	16	24	16	18	11	12	10	10	13	14	23	24	9.3	9.3	8	11	14	17	
250264	RH3.UK.DNA	SB948275	DCEG	11/17/2014	Match with RH3.seq.DNA	X	Y	10	12	12	13	11	12	15	20	14	15.2	31.2	32.2	18	25	14	17	7	11	10	11	12	13	22	22	7	7	8	9	14	17	
250265	RH18.UK.DNA	SB948276	DCEG	11/17/2014	Low; Match with RH18.seq.DNA	X	X	10	10	12	12	9	12	16	17	12	14	32.2	33.2	0	0	16	16	12	12	0	0	13	15	23	23	7	7	0	0	15	17	
250266	RUCH2.UK.DNA	SB948277	DCEG	11/17/2014	unique	X	X	0	0	8	8	10	11	15	16	13	14	28	30	18	19	15	17	9	12	10	10	0	0	21	23	7	9	8	8	18	19	
250267	CT-10.UK.DNA	SB948278	DCEG	11/17/2014	Match with CT-10.seq.DNA	X	Y	12	12	11	11	10	11	13	13	14	14	29	31.2	0	0	17	17	12	12	8	11	0	0	21	22	6	6	8	12	18	19	
250268	7556.UK.DNA	SB948279	DCEG	11/17/2014	unique	X	X	12	12	12	13	11	13	15	18	13	15	32.2	32.2	20	23	14	18	11	11	10	11	12	15	20	20	9	9.3	8	11	16	16	
250269	RD.UK.DNA	SB948280	DCEG	11/17/2014	Match with RD.seq.DNA	X	X	10	11	13	13	10	11	13	18	0	0	28	29	17	23	15	17	11	11	8	12	11	15	20	21	9.3	9.3	9	9	18	18	
250270	Hs729.T.UK.DNA	SB948281	DCEG	11/17/2014	Low; Match with Hs729.dtp.DNA	X	Y	10	10	0	0	11	11	0	0	14	15	28	31.2	17	17	17	17	0	0	8	9	0	0	19	20	6	9.3	11	11	16	17	
250271	RH5.UK.DNA	SB948282	DCEG	11/17/2014	Match with RH5.seq.Dna	X	Y	11	12	11	11	12	12	16	17	0	0	28	33.2	20	24	16	16	12	13	9	11	12	13	21	21	6	9.3	8	11	16	19	
250272	RH41.UK.DNA	SB948283	DCEG	11/17/2014	Match with RH41.seq.DNA	X	X	11	12	8	9	12	13	15	16	13	15	29	31	17	21	17	17	10	13	10	11	10	13	20	22	7	9.3	8	11	16	18	
250273	RH2.UK.DNA	SB948284	DCEG	11/17/2014	unique	X	X	12	12	12	12	11	12	12	16	12	15	29	30	17	25	15	16	10	11	12	12	12	14	0	0	7	8	9	11	16	17	
250274	SCMC.UK.DNA	SB948285	DCEG	11/17/2014	unique	X	X	12	12	9	11	10	11	11	13	13	13	30	33.2	17	23	15	16	11	12	11	12	14	15	19	27	6	9	8	8	14	18	
250275	H170.UK.DNA	SB948286	DCEG	11/17/2014	unique	X	X	10	12	11	14	11	11	16	16	13	14	28	30	20	21	15	17	12	12	11	11	11	13	22	23	9	9	8	12	15	19	
250276	RUCH3.UK.DNA	SB948287	DCEG	11/17/2014	unique	X	X	12	12	11	11	12	12	15	15	16	17	30	30	19	24	16	16	10	10	8	8	13	13	21	21	7	7	7	8	14	17	
250277	HR.Duke.DNA	SB948288	DCEG	11/17/2014	unique	X	Y	10	12	11	12	9	9	15	16	13	15	29	30	17	23	17	17	11	12	11	12	10	14	21	22	9.3	9.3	8	11	18	18	
250278	RD2.Duke.DNA	SB948289	DCEG	11/17/2014	Match with RD.seq.DNA	X	X	10	11	13	13	10	11	13	18	11	14	28	29	17	23	15	17	11	11	8	12	0	0	20	21	9.3	9.3	9	9	18	18	
250329	NCI0226.tumor.DNA	SB948333	DCEG	11/17/2014		X	Y	12	12	10	15	0	0	20	20	13	14	32.2	32.2	18	21	15	17	11	11	11	12	13	13	21	21	6	6	8	11	16	17	
250436	JR1.UK.DNA	SB948290	DCEG	11/17/2014	unique	X	X	12	12	13	13	12	13	17	18	12	15	26	28	24	25	18	18	11	12	11	11	0	0	19	22	9.3	9.3	0	0	15	15	
250437	TE617.T.UK.DNA	SB948291	DCEG	11/17/2014	unique	X	X	10	11	9	13	13	13	17	19	14	16.2	30	30	25	25	14	17	9	13	9	11	12	14	23	23	6	9	8	11	18	18	
250438	TE381.T.UK.DNA	SB948292	DCEG	11/17/2014	Match with RD.seq.DNA	X	X	10	11	13	13	10	11	13	18	11	11	28	29	17	23	15	17	11	11	8	12	11	15	20	21	9.3	9.3	9	9	18	18	
250439	T91-95.UK.DNA	SB948293	DCEG	11/17/2014	unique	X	Y	12	12	12	13	12	12	15	17	14	14.2	27	30.2	17	20	17	17	12	12	8	10	10	13	21	25	6	9.3	8	8	17	17	
250440	RH36.UK.DNA	SB948294	DCEG	11/17/2014	Match with RH36.dtp.DNA	X	Y	11	12	12	13	11	13	16	16	14	15	0	0	18	18	14	16	13	13	0	0	13	13	25	25	9.3	9.3	8	8	14	18	
250441	RH3.Duke.DNA	SB948295	DCEG	11/17/2014	Match with RH3.seq.DNA	X	Y	10	12	12	13	11	12	0	0	14	15.2	31.2	32.2	18	25	14	17	7	11	10	11	12	13	22	22	7	7	8	9	14	17	
250442	JR.Duke.DNA	SB948296	DCEG	11/17/2014	Match with JR.seq.DNA	X	X	10	12	9	11	10	12	14	14	14	14	27	30.2	0	0	16	16	11	13	11	12	12	15	19	21	7	9.3	8	9	17	17	
254238	NCI0167.tumor.DNA.3	SB948322	DCEG	11/17/2014		X	X	10	12	8	12	11	14	14	16	14	16	28	28	19	23	15	15	11	12	7	12	13	14	21	21	6	9.3	8	9	16	17	
254240	NCI0228.tumor.DNA	SB948334	DCEG	11/17/2014		X	X	10	12	0	0	11	13	13	13	13	14	28	30	16	25	0	0	11	11	12	14	13	15	22	22	6	6	8	11	17	18	
254242	NCI0232.tumor.DNA.1	SB948335	DCEG	11/17/2014		X	Y	11	11	11	12	11	11	13	16	14	15	29	31	18	23	15	17	12	12	10	11	15	15	21	23	6	7	11	11	18	18	
257716	RMS.UK.DNA	SB948297	DCEG	11/17/2014	Match with JR.seq.DNA	X	X	10	12	9	11	10	12	14	16	14	14	27	30.2	20	26	16	16	11	13	11	12	12	15	19	21	7	9.3	8	9	17	17	
257717	RH30.UK.DNA	SB948298	DCEG	11/17/2014	Low; Match with RH30.seq.DNA	X	Y	0	0	11	11	12	12	15	16	0	0	29	31.2	0	0	15	15	12	13	10	10	12	15	22	22	9	9.3	8	11	17	18	
257718	RMS-YM.UK.DNA	SB948299	DCEG	11/17/2014	unique	X	Y	11	11	10	11	11	11	13	13	13	13.2	31	32.2	18	23	15	16	12	14	10	11	14	15	22	24	9	9	11	11	18	18	
257835	NCI0138.tumor.DNA.1	SB948312	DCEG	11/17/2014		X	X	10	11	11	12	11	12	14	18	15	16	29	30	17	18	15	16	11	12	10	10	13	15	21	21	8	9.3	8	12	17	19	
257837	NCI0157.tumor.DNA	SB948316	DCEG	11/17/2014		X	Y	10	11	11	13	9	11	14	17	14	15	30.2	32.2	18	25	16	16	10	11	9	11	12	14	21	24	6	7	8	11	17	19	
257838	NCI0205.tumor.DNA	SB948331	DCEG	11/17/2014		X	X	10	11	8	12	12	13	15	17	0	0	30	32.2	21	24	14	18	11	12	12	12	10	13	21	21	6	9.3	8	11	16	18	
257844	NCI0237.tumor.DNA	SB948336	DCEG	11/17/2014		X	Y	12	13	11	14	12	12	15	18	11	15.2	28	30.2	22	23	15	15	8	10	10	11	14	14	24	25	8	9	8	10	20	20	
257845	NCI0238.tumor.DNA.2	SB948337	DCEG	11/17/2014		X	Y	12	13	8	9	11	11	14	16	13	14	29	31.2	19	20	15	15	11	12	8	9	13	14	24	25	6	9.3	8	8	16	19	
257914	6647.seq.DNA.20140226	SB948301	DCEG	11/17/2014	Match with 6647.seq.DNA	X	X	11	13	0	0	10	12	13	19	14	14.2	29	30	17	25	15	17	11	13	8	10	10	13	22	24	9	9.3	8	9	14	18	
257917	LAN1.DB.DNA	SB948300	DCEG	11/17/2014	Match with LAN1.seq.DNA	X	X	10	10	11	11	9	11	16	16	12	13	30	32.2	23	23	19	19	12	12	9	10	13	14	22	25	6	6	11	11	18	18	
259530	NCI0241.tumor.DNA	SB948338	DCEG	11/17/2014		X	X	10	12	9	12	12	12	12	20	14	15	28	30.2	20	22	15	16	11	11	8	10	8	14	22.2	25	6	6	8	11	17	18	
259533	NCI0242.tumor.DNA	SB948339	DCEG	11/17/2014		X	X	11	12	8	11	10	11	13	15	13	17	29	30	23	23	14	16	10	11	9	10	13	15	20.2	22	7	9.3	9	12	16	17	
259677	NCI0244.tumor.DNA.3	SB948340	DCEG	11/17/2014		X	Y	10	11	11	14	9	13	14	17	14	14	29	31	19	23	15	16	12	12	9	11	13	13	22	24	6	8	8	8	17	17	
260499	MP4.seq.DNA	SB948302	DCEG	11/17/2014	unique	X	X	11	12	0	0	8	9	12	16	12	13	29	32.2	19	21	17	17	11	13	8	11	9	10	27	27	6	9.3	8	9	0	0	
260500	RH6.seq.DNA	SB948303	DCEG	11/17/2014	"Match with Birch.seq, RH36.dtp, and RH36.uk"	X	Y	11	12	12	13	11	13	16	16	14	15	31	32	18	18	14	16	13	13	10	11	13	13	25	25	9.3	9.3	8	8	14	18	
260501	CW9109.seq.DNA	SB948304	DCEG	11/17/2014	unique	X	Y	11	12	13	13	13	13	12	16	14	15	31.2	32.2	18	21	15	18	9	11	8	9	12	15	0	0	8	9.3	8	8	14	18	
	RH18.UK		UK		Match with RH18.seq.DNA	X	X	10	10	12	12	9	9											12	12	8	10							8	8	15	17	
	RH4.UK		UK		"same cell lines: Rh4.seq, Rh41.seq, Rh41.dtp, and Rh4.UK"	X	X	11	12	8	9	12	13											13	13	10	11					7	10	8	11	16	18	
	RH5.UK		UK			X	Y	11	12	11	11	12	12											12	13	9	11					6	10	8	11	16	19	
	CHLA25.seq.DNA	SB844828	DCEG	6/11/2013	 	X	X	10	10	10	12	11	12	14	17	14	14	29	32.2	19	22	17	18	10	10	8	10	13	15	24	25	7	7	8	8	15	17	
	RH3.UK		UK		Match with RH3.seq.DNA	X	Y	10	12	12	13	11	12											7	11	10	11					7	7	8	9	14	17	
	A204.UK		UK			X	X	11	11	11	12	11	12											12	12	8	10					8	10	8	9	15	17	
	RH36.UK		UK			X	Y	11	12	12	13	11	13											13	13	10	11					10	10	8	8	14	18	
	RMZ-RC2.UK		UK			X	Y	9	10	8	10	12	13											10	11	12	12					7	7	8	11	16	18	
	Hs913T.dtp.DNA		DTP			X	X	11	12	8	13	11	11	13	16	13	14	29	30.2	16	21	14	14	11	12	10	12	11	13	19	20	9.3	9.3	8	8	15	18	
	A673.dtp.DNA		DTP			X	Y	12	12	11	11	13	13	13	13	13	13	29	33.2	17	18	17	17	10	10	10	10	12	13	21	21	8	9.3	9	11	17	18	
	Hu09.dtp.DNA		DTP			X	X	10	11	11	11	11	11	13	13	15.2	15.2	28	28	17	20	16	16	13	13	10	10	15	15	24	24	9	9	9	9	14	14	